Index	A	R	N	D	C	Q	E	G	H	I	L	K	M	F	P	S	T	W	Y	V
1																				
2																				
3																				
4																				
5																				
6																				
7																				
8																				
9																				
10																				
11																				
12																				
13																				
14																				
15																				
16																				
17																				
18																				
19																				
20																				
21																				
22																				
23																				
24	0.03323242904780953	0.01468827909896898	0.044621156147871745	0.21783275478034894	4.0058957377018986E-4	0.0802747378179378	0.4797599119554172	0.022856319114080932	0.008485038107097354	0.005152607696980657	0.004166617461701115	0.02809073823210235	0.0021665669629229623	2.3050847215855085E-4	0.005118199809324647	0.01896208842769492	0.016000890470957527	4.247599959322319E-4	6.035520711553094E-4	0.016932254755767304
25	0.057010705596652306	0.06853682115738442	0.06833992102176585	0.13734391130943321	0.00378613105471004	0.08112284990693466	0.19986715103448274	0.07869954868772068	0.021460849982040276	0.00829144727200508	0.010508509846128633	0.12026782491613272	0.004278072925704132	0.0020022624270665226	0.026393559946496035	0.05405685209233634	0.038369996545266086	6.666375823858395E-4	0.004169244237804155	0.01482770245755031
26	6.790265973601279E-4	1.4104414917390213E-4	6.515943195689518E-5	1.7789477912927056E-5	3.625561403606707E-5	2.8332719487458293E-4	3.230444096876692E-5	3.545474379418778E-5	1.3174579651457926E-4	0.02687256345555568	0.9022847116230615	6.505063442290301E-5	0.03495290025800488	0.012857012807297997	0.0013257186293319004	6.152557258784359E-4	7.707188808611039E-4	7.42914057990036E-5	2.347023950523708E-4	0.018524966738142273
27	5.224197544995917E-4	3.3565490959827177E-6	9.123260868964131E-6	2.9093470146102096E-6	4.006242687424345E-6	1.503652917154832E-6	5.109543513989531E-6	6.0327111493059385E-6	9.74628389408566E-7	0.6753674940170631	0.0024530607401459696	2.779878084207408E-6	0.004663047878800518	5.812701294225048E-5	4.459540913301098E-6	3.963988207237738E-5	8.213411421012163E-4	5.471213488400312E-7	2.7620190311482584E-6	0.31603130507736066
28	0.03670489503809673	0.04165820773829397	0.40940478056600216	0.05214446478926076	0.0020989934978174777	0.028597486722822835	0.02575717674391903	0.019836576181074594	0.03004963202123448	0.001681384620245045	0.0017141316273380604	0.10263485931897103	9.290614558312789E-4	4.078963185413287E-4	0.014881324000437875	0.1709474461511413	0.056379878188135224	8.236562404581104E-5	0.001794519063499305	0.0022949203332917915
29	0.06400531775749374	0.11598460095691901	0.08055891227886751	0.020606778018399437	7.678518891577854E-4	0.23047610158154386	0.041920963576498785	0.015330975443206492	0.14327645404739006	0.0026133054380510484	0.002668946215168023	0.1659407601241708	0.001570338334544344	2.4146036362947344E-4	0.0150964737087835	0.047911156165867747	0.04326314349354208	6.479945289767527E-5	0.0024986737328341296	0.005202987421034532
30																				
31	1.0221423686198735E-4	7.102246033062343E-6	2.2037865243753802E-6	6.579254025102121E-7	2.109389222599816E-6	1.569089125464827E-5	1.9335317545544483E-6	1.6686657406583255E-6	5.180413623408813E-6	0.026012512004365492	0.9314030699885875	1.8405814368590003E-6	0.004532368757186532	6.955849454095739E-4	5.941479676486223E-5	4.4741950830375864E-5	5.998901752240859E-5	4.249682822750563E-6	4.309529838003032E-6	0.037043157658817834
32	0.02033775067357688	5.181069107545461E-4	0.0011287153460333395	2.0600310646617912E-4	4.744807037355343E-4	5.976931637844373E-4	2.5976427418154666E-4	6.29971317606528E-4	3.480269027529494E-4	0.1782910262573133	0.4610919247526267	2.981922541318339E-4	0.05118812439968336	0.01227850705054238	0.005040204291250751	0.01626356368170004	0.024396620923280626	7.596232646203694E-5	4.77688537206305E-4	0.22609767312691076
33	0.010809650512981595	0.13532457310495455	0.021804097374101775	0.07393698977249885	3.1820181604450974E-4	0.09402736285835281	0.27930249737565366	0.0169768933097975	0.008059621496435566	8.550817653318444E-4	9.243120839616017E-4	0.3373116116072974	6.241929163110588E-4	6.200551020821434E-5	0.0024932102410221307	0.008138642112413856	0.006568311008635067	1.492151678259819E-4	2.89255261914208E-4	0.002024274704257891
34																				
35																				
36	0.9952083758649907	6.936158234106855E-6	1.5333223808629273E-5	2.0172987587056993E-5	3.9761226136732105E-6	5.877772180845174E-6	3.9912499801328125E-5	2.0928767772032875E-4	5.680457134552513E-7	1.1790036803466577E-5	4.1254006470142766E-6	3.766933142830743E-6	3.6096720159037293E-6	2.841548027405554E-7	2.0537640139012186E-4	0.0015989603608267547	0.002081181863934376	2.3846601901474227E-8	1.7050907710156605E-7	5.802704681076688E-4
37	3.3051766910685717E-4	0.004437999867135289	0.00855653158193351	0.008287850523211175	4.084989893141141E-5	0.05009900869652793	0.010242047501237281	2.496997631887992E-4	0.9107882437311882	5.396561693591018E-5	6.77017415484877E-4	0.0018006165213675556	6.642382256702778E-5	6.631433202855229E-5	5.585447897697854E-4	6.541302228112698E-4	2.739107917234653E-4	4.591709808304684E-6	0.00271238725014814	9.934829489478083E-5
38																				
39																				
40	0.06786940767152955	0.11497739260969764	0.019423930049817874	0.004414735489107181	0.0016215448768798955	0.09255309686592075	0.012679091167620051	0.009985172722342449	0.02501499154092936	0.030054695585358514	0.08707240774488177	0.10328549769850917	0.027624149784843434	0.002432184338275607	0.23094686811299753	0.06572626133831767	0.06602221967155585	3.8078909740303684E-4	0.0017129953260077973	0.036202568308004876
41	6.746654936343284E-4	3.9623104495913514E-4	0.004016212968281866	0.19347113205687905	1.1587636987744798E-6	0.008351456938706635	0.7834679947687817	8.365354995612371E-4	1.9946022674457154E-4	6.106205074560255E-6	5.356888452614477E-6	0.008070393681845242	6.003925356544062E-6	3.1007928012012845E-7	3.300286066293788E-5	2.5525700196317734E-4	1.642861879551406E-4	4.200561720449414E-7	5.356676277030074E-6	3.865867571309119E-5
42	0.06871797116270427	0.0014711510325381533	0.01179240809282838	4.1904716374068467E-4	3.4353852185652745E-4	9.561053952529766E-4	3.656281229653269E-4	0.0011752806138034496	3.212696482941163E-4	0.0025906245816971775	0.0010227275932969964	0.0024944160928464026	0.0010253021773855245	8.696438083127174E-5	0.02709522744316589	0.2425069127381444	0.6349982785666226	3.742500062667805E-6	4.488486670326351E-5	0.0025685193052599675
43	0.02212780364340191	0.004917966612267254	0.19058545722795645	0.01010698920678476	0.007992541556020744	0.010091802676744359	0.002002012506906504	0.0020487763256773054	0.11689869216029466	0.009392001382930745	0.036135715631526504	0.0038700099070014086	0.003111210394430692	0.11959496455733602	0.027302965469323908	0.20139692555253752	0.052309305976608364	1.5671019376309114E-4	0.17229824772322397	0.007659901295263919
44	0.009715870272246692	0.0012308241668722716	5.620463991686555E-4	1.9526453210886262E-4	1.618750760095154E-5	0.018663592756870545	6.078394624050691E-4	4.736524514547301E-4	9.637309628597175E-4	2.8586689792964193E-5	3.83954434528424E-4	6.602491297291107E-4	2.0063338943853745E-5	8.12990585891984E-6	0.9535081290069158	0.01021055939881123	0.0026321344928470288	1.1167111458882736E-6	1.0076333536917618E-5	1.0799204630224984E-4
45	0.148929251284615	0.05732344791230111	0.049384730283426284	0.0067840148025895665	0.005617190283445301	0.03222381826109747	0.007680860028670098	0.0199057419237636	0.01926247490704082	0.028631086971746312	0.02877629088131999	0.03568809872792091	0.012040069971965826	0.00441671301719282	0.0681541314505113	0.2715310025437572	0.1592937418630979	2.02691597869274E-4	0.0034958146840433652	0.040658828603626004
46																				
47																				
48	0.04377557247323486	0.03637839570319159	0.019844110244644258	0.006025078815196489	0.005863119388232771	0.014106204984112405	0.00817499902773496	0.038043287547428285	0.0123856797054103	0.028967811872670658	0.3263711844274368	0.015583654353321288	0.017940648424894352	0.12224531043190848	0.030008789061275534	0.18472830215282368	0.03384798411686634	0.0018142309262560415	0.014944303188068372	0.03895133315529236
49	0.09358332134596878	0.007294483042009423	0.03796014404384074	0.0044239481592727465	0.0030858913698437206	0.006926838225062788	0.0032343500505953924	0.007641020814606057	0.0050280226390053764	0.047278850769766484	0.15339197965746584	0.006083879858621079	0.024932805310552544	0.016820481680323993	0.0397916757208248	0.2814318468456928	0.2140875772660596	6.841360972963448E-4	0.003079459232032687	0.04323928787115883
50	0.007039717047611311	0.009906277990190991	0.052033079103798056	0.40338866210666013	2.5600291544661106E-4	0.1339554594821716	0.2963808797182506	0.009395265945649614	0.04588028771142343	5.203398986334071E-4	0.0012697213296133383	0.02109026708639994	4.368356423461455E-4	1.893272610795902E-4	0.002830753511873422	0.007412056555018452	0.004065414113374181	7.123810173580371E-5	0.0025692873820748145	0.0013091270966485307
51	0.0014635250491444212	0.0028651383746990545	0.0012399131531344915	4.3212026499806915E-4	0.0026482599256749963	0.0026447653385314887	2.476587257418351E-4	2.4288708806969754E-4	0.013276395881764004	0.009596726964858244	0.41680789324020756	4.495573153391326E-4	0.005491113454570552	0.31008849749466655	0.0024278554090339756	0.006558593863907014	0.001371758073781909	0.022621040362641422	0.19250874121398762	0.007017558805247807
52	0.04090476472678335	0.18228827378127677	0.06298119251114989	0.014489498937817013	0.0049779886174592235	0.12565727993406972	0.032153286192973154	0.028861363274945314	0.02583308744089389	0.004968180902535152	0.012053054243908614	0.2693492425024953	0.004114875498727271	0.0017217080744011061	0.032486693974455	0.0966226017384267	0.04962748997102284	0.0011019963882222656	0.0033689278182838893	0.0064384934701534335
53	0.007036979333642638	0.27278932188971516	0.011206904885051473	0.007040412683705256	9.403011627007074E-4	0.3441247708994663	0.03290356031864339	0.007998576786566155	0.03396841998153662	0.0010195985513212695	0.004473655796390825	0.2459909619340724	0.0012792487518349706	3.081454913026904E-4	0.009781107477416087	0.008650946483245039	0.006651984664123263	8.240849850643765E-4	0.0014975856431948351	0.0015134322810065532
54	0.025618612168964015	0.010168253677663785	0.0053806829818903775	0.0018426111043717403	0.0036255314366695425	0.0027704728407050598	0.002592378716334097	0.023072666089617857	0.00399054084806795	0.09509213005039709	0.20012727968110425	0.005346276139226003	0.02880886225076615	0.3520817376339672	0.0036192430072358728	0.042498018001852385	0.015642257883653542	0.0014298712361779243	0.01563924155512692	0.16065333269620818
55																				
56																				
57																				
58																				
59																				
60																				
61																				
62																				
63																				
64																				
65																				
66																				
67																				
68																				
69																				
70																				
71																				
72																				
73																				
74																				
75																				
76																				
77																				
78																				
79																				
80																				
81																				
82																				
83																				
84																				
85																				
86																				
87																				
88																				
89																				
90																				
91																				
92																				
93																				
94																				
95																				
96																				
97																				
98																				
99																				
100																				
101																				
102																				
103																				
104																				
105																				
106																				
107																				
108																				
109																				
110																				
111																				
112																				
113																				
114																				
115																				
116																				
117																				
118																				
119																				
120																				
121																				
122																				
123																				
124																				
125																				
126																				
127																				
128																				
129																				
130																				
131																				
132																				
133																				
134																				
135																				
136																				
137																				
138																				
139																				
140																				
141																				
142																				
143																				
144																				
145																				
146																				
147																				
148																				
149																				
150																				
151																				
152																				
153																				
154																				
155																				
156																				
157																				
158																				
159																				
160																				
161																				
162																				
163																				
164																				
165																				
166																				
167																				
168																				
169																				
170																				
171																				
172																				
173																				
174																				
175																				
176																				
177																				
178																				
179																				
180																				
181																				
182																				
183																				
184																				
185																				
186																				
187																				
188																				
189																				
190																				
191																				
192																				
193																				
194																				
195																				
196																				
197																				
198																				
199																				
200																				
201																				
202																				
203																				
204																				
205																				
206																				
207																				
208																				
209																				
210																				
211																				
212																				
213																				
214																				
215																				
216																				
217																				
218																				
219																				
220																				
221																				
222																				
223																				
224																				
225																				
226																				
227																				
228																				
229																				
230																				
231																				
232																				
233																				
234																				
235																				
236																				
237																				
238																				
239																				
240																				
241																				
242																				
243																				
244																				
245																				
246																				
247																				
248																				
249																				
250																				
251																				
252																				
253																				
254																				
255																				
256																				
257																				
258																				
259																				
260																				
261																				
262																				
263																				
264																				
265																				
266																				
267																				
268																				
269																				
270																				
271																				
272																				
273																				
274																				
275	0.06908937181517621	0.08229851547293414	0.05186100948784831	0.061797271698720915	0.02780060421260476	0.08745059109787841	0.0847147718105144	0.06987986296285278	0.037390745245861966	0.021186137426488824	0.03793444167084417	0.09790942337855953	0.010379191248884204	0.012582852157910595	0.07035349180637639	0.070595358433754	0.05215580259154909	0.004276271313466835	0.02012503360254839	0.03021925256522628
276	0.10839607417220856	0.04340863546236543	0.04711466156251649	0.06185430886842657	0.01133323627612132	0.03891040047148101	0.07548855621209137	0.07981725605072891	0.01674237333510026	0.05582044855024059	0.06691445250907466	0.05445048931353777	0.023659240970413352	0.015548349253359475	0.05331910407268297	0.08038283446872238	0.07699609732312308	0.0028806842987511364	0.01102950732095898	0.07593328950809564
277	0.09546728854469004	0.052618672612472384	0.06844075367705935	0.07683866426571447	0.017380478722672694	0.04235566246282464	0.07985152442544495	0.10030165339282117	0.02320974575609393	0.03051641391622689	0.037735991759315704	0.06730798716907252	0.012674019201264278	0.012394063066730212	0.05612504518682133	0.09213921628382417	0.07361785677981983	0.0030843288668817026	0.014736070334985852	0.0432045635752638
278																				
279	0.09865735210209475	0.0252400130699144	0.030325045780302026	0.018475382609941304	0.007623892369707905	0.029431711893441105	0.02041892997177617	0.034933711197846	0.018198934333924586	0.01924975620180736	0.0389948136973331	0.022990077613687057	0.00813995356780601	0.009675411337947097	0.4142409148525858	0.09572870383732268	0.06848712351863241	6.20292826940473E-4	0.01001453911460276	0.02855344010238716
280	0.058917843521089565	0.02676483347271352	0.08728335682897738	0.24910809857442345	0.0030185086444523336	0.043735566374127184	0.23114355026052513	0.07791332569326603	0.016936678835180168	0.0074341401518544835	0.006977340597336556	0.046863766210597214	0.0031512785758692303	0.001546925665499332	0.024350452042458014	0.05810137350308428	0.039459870002118445	3.014469365077412E-4	0.0038192590506976793	0.013172385059222268
281	0.07913526886924119	0.03793863113620243	0.06203160778867795	0.0958707913156829	0.006769065567275007	0.0676552675329662	0.10424480093408556	0.061018824336934126	0.036174804076028196	0.01038290469208909	0.019797535404725102	0.044969344512201206	0.004600383387614609	0.007221855719185699	0.1894113638922182	0.08599198604912463	0.05193451547695426	6.995381770587713E-4	0.016713263140345103	0.017438247991389804
282																				
283	0.04759317925479799	0.08429468255466081	0.06678044198358961	0.09304522929308373	0.004373753397418627	0.1438476629681226	0.12397277923545146	0.045675089823325195	0.08217460445936982	0.007863181621853605	0.014358019897961191	0.1046530494915912	0.004268500674720522	0.004023570444196737	0.05441799472816847	0.05352083273570477	0.03718209759556989	6.763970751717295E-4	0.015098117991702222	0.0121808147735397
284	0.11644736184116497	0.07472146043312138	0.04769306685486457	0.033009078875684494	0.012363660091160385	0.03759278131199786	0.03918820191272609	0.12151078768377725	0.01820273383443962	0.03552707549995388	0.03995553123408059	0.06981284206909567	0.014698546605580584	0.007480640538746372	0.07986642612719062	0.1026168680226576	0.08802433000361963	0.0016525084850263687	0.006851211071160011	0.052784887503951855
285	0.13756847750751106	0.04548545708409751	0.038606118544951065	0.027133860409038	0.005411833872760253	0.0405984851121952	0.034823754495471516	0.05094319631916082	0.014945146657904007	0.023119031342143322	0.031821273770716654	0.04614528994381267	0.009010027906723036	0.0035220958308047217	0.2442526736894173	0.11571503249999496	0.08957115959046251	5.110446750381922E-4	0.002955699182405468	0.03786034156539172
286	0.02617686580051816	0.09339697463699476	0.06240521734916111	0.10029576186390536	0.0011801450493549915	0.14620595551358656	0.20919151757607016	0.07259442656928167	0.027447170080389417	0.0026133956118718467	0.004450857447635776	0.18616968736507838	0.0020513693947824796	5.826154699256157E-4	0.00855268609340241	0.030476204394361307	0.018635359600173724	3.4670660484037343E-4	0.0022957547461306114	0.0049313288325354985
287																				
288																				
289																				
290																				
291																				
292																				
293	0.18296002011923937	0.006260974626231193	0.0869021236498657	0.045627875428876336	0.002394113920773212	0.00798358753498422	0.0254457749175551	0.02413620529343995	0.004977404601690712	0.05776770483445098	0.03541697809093812	0.008979507363686502	0.015792278507714988	0.0029735732625975823	0.034690781398435434	0.17971212567572156	0.18306046919065191	1.2427438329197787E-4	0.0015123605418933329	0.09328186665796181
294																				
295																				
296	0.0016526131098400345	8.692243408540275E-4	0.021954517100777608	0.6519391365761447	1.231367491113342E-5	0.005797385933779687	0.3049626769621131	0.0053050842632977125	9.163024905017484E-4	3.8806347893072945E-5	2.5231523534869902E-5	0.004134968496754982	2.234550253878389E-5	3.3435531808093193E-6	1.0933043363491481E-4	0.0014009015408098866	6.425545535523744E-4	2.2353778589977482E-6	5.865110663751324E-5	1.5237711138408062E-4
297	0.05457011565993785	0.0019933245030224773	0.0022857320972943878	8.840133394297968E-4	4.777434243581592E-4	0.006036312379231454	0.001907331238948514	0.00188096405650528	0.0012678656315168266	0.20310797123682475	0.36025696639547666	0.0014645594600693232	0.059115073419195585	0.00683683719786746	0.01262949583025175	0.018101708990432435	0.037273233589715495	1.0817740562902797E-4	4.967054554615094E-4	0.22930586868883135
298	0.005627467640231186	0.004340918121823648	0.01655144339484619	0.18522623505504573	2.9485877977122214E-5	0.03537130974289347	0.7063425475519339	0.016810564094597368	0.0012949600581794367	1.0769835176613124E-4	8.198905337194291E-5	0.021456440901279485	6.39482930611352E-5	6.522443647954685E-6	4.322706092782191E-4	0.00388534640115047	0.0018394187425286087	6.700822595972285E-6	3.7385820042105945E-5	4.873470237499193E-4
299																				
300																				
301	0.04008647857995948	0.004560726788797472	0.007078502437524514	9.62703447955514E-4	6.77333170568981E-4	0.006221340282440919	8.38858289209573E-4	0.0011175903236608192	0.016062573538886436	0.08072020679823393	0.21978841777564384	0.002060528893896027	0.4531261027750158	0.00433917799898953	0.01101324753310991	0.021484064979387273	0.05706914896686654	5.421482701516422E-5	0.0019321754816354966	0.07080660711120278
302	1.0286505218194922E-4	3.2363287830372893E-5	9.418366707805828E-6	1.5846074556703659E-6	4.900777600354648E-5	9.558549846926862E-6	2.8627478727051826E-6	7.794774437008127E-6	2.973842582093663E-5	0.04273331336778375	0.14625353249764322	3.6580634824953606E-6	0.005803520085087798	0.7870567904861302	3.552922423056705E-5	3.5872070701459496E-4	1.7994747244493866E-4	0.0024328014334152413	0.0016680376290620362	0.013228955445548186
303	0.1243825440510326	0.010919247176977943	0.082385667271575	0.08294192313629567	3.0167972028562694E-4	0.20210924266401933	0.1064964657314816	0.008699545398772717	0.021075888629481697	0.0013257465426983655	0.0013764314558625864	0.01972274112834943	9.718143375130481E-4	8.61359333129717E-5	0.04909757137235499	0.12448950313930111	0.16024741449995467	1.5777453800756512E-5	4.1612720084655886E-4	0.0029385331560833785
304	0.002224101030201517	0.03540118989964618	0.015361994361541294	0.0013262771209432112	4.931470683871676E-5	0.7956667512236565	0.006775004425824343	4.482273389992592E-4	0.06288383966041772	1.2839788097423682E-4	0.0029240889689931427	0.0553932935391199	3.5815402383159014E-4	2.4149552993067938E-5	0.0041338123976546294	0.009819040588945078	0.006693156906609892	9.638841059876006E-6	2.2297477459158973E-4	1.5659275715845924E-4
305	4.170575168267671E-6	7.175699936361858E-7	6.829951467858125E-7	8.113652631198098E-8	7.4504143437110985E-6	8.446400160158663E-7	1.1197516430987134E-7	1.9683672429797818E-7	1.1910705050709948E-5	3.9741370147609704E-4	0.03325113423267255	1.1112168916996059E-7	1.3432566634281965E-4	0.9650955026224095	6.754943092141139E-6	7.194964274001555E-5	4.47532276338991E-6	6.98610818283982E-6	8.26818967798207E-4	1.7836082269918313E-4
306	0.00790680903664003	0.0010297952086675952	0.0034952649304564043	1.6345304513209883E-4	0.6086281299562355	1.0860130538528393E-4	2.4629145631969565E-5	4.0630338263488363E-4	0.003939721461940754	4.673589970160862E-4	2.474392189530493E-4	6.658017427805926E-5	2.437418754850851E-4	0.005064974020479193	3.1657670948238056E-4	0.21687004470554588	0.03880532531562786	1.7642097963422709E-4	0.1112388301500077	8.000003807660281E-4
307																				
308																				
309																				
310	4.4386720975672514E-4	2.173354586476205E-4	0.005166145425077069	0.35704259581036846	1.3662201061588875E-6	0.0031914759568422726	0.6287152657089108	0.0017723724376028404	1.4031063448566305E-4	5.116783625266093E-6	3.8085153495047623E-6	0.0029137164888593265	4.6494590618293644E-6	2.8986111327275746E-7	1.419111653858419E-5	2.230689277961994E-4	1.0171973260300806E-4	4.23623050513417E-7	5.384733719862483E-6	3.689589648515157E-5
311	5.603497307263715E-6	2.974403805666813E-6	4.004977779414006E-7	5.8907652287609517E-8	2.2378162880153075E-7	9.193412435786E-6	1.6637619584376006E-7	1.2740107103607377E-7	2.8429147406187686E-6	0.0011334875155273715	0.9954537499501515	5.07240232772549E-7	0.0024770293516382675	3.9594245098613373E-4	3.951851145312687E-5	1.3591224201629556E-5	6.718125433200258E-6	1.7469182919033987E-6	1.3084442817721718E-6	4.5480907518697376E-4
312	0.5528693808934909	2.911261595455179E-4	7.589037653864501E-4	8.536772837248736E-5	1.4846884760812528E-4	2.5665648510997104E-4	1.1637608439503577E-4	7.135691692536589E-4	7.244906105028623E-5	0.023583044824554738	0.023906687386659114	7.947427851579295E-5	0.0015515094731002755	6.494920248097597E-4	0.0067879392758793235	0.300459598528877	0.032201273305897275	7.488575639792593E-6	3.428665683707276E-5	0.05542690747501721
313	0.004587170337254159	1.961661265180954E-5	0.004334438029051808	0.0054176151948641445	3.050659852365743E-6	3.307726488031648E-5	2.690435180232819E-4	6.793576830837506E-5	2.6563970792635288E-5	1.7068243851229556E-4	3.4529659650847544E-6	8.552401739036674E-5	7.61261102549461E-5	2.803449745203538E-7	4.9456224597350215E-5	0.0034176768618625637	0.9813002476506464	4.317180140258386E-8	3.3158018078474463E-6	1.3468305650829926E-4
314	0.02925290275594021	0.46361037817885437	0.01530466890348864	0.004132764129684343	6.081184905603486E-4	0.08945512140059918	0.020705698986454146	0.05544474318595538	0.012185525103617855	3.110355718316838E-4	7.326306986358048E-4	0.1933014637296341	2.74440812437047E-4	3.216672412522155E-5	0.04445569972397035	0.052805561109008345	0.016270203876468176	1.5104254743570982E-4	1.5283463815963345E-4	8.129994331396601E-4
315	0.2846291108969586	0.0018213330685934112	0.005123390494667191	0.0018318545688514255	0.004874509538923061	0.017610752054018762	0.011031519398341851	0.0031688325709802443	7.080786364264253E-4	8.488772326706816E-5	8.280172084487357E-4	8.209763716583821E-4	8.29376867700203E-5	4.9925641973299526E-5	0.006028328603932109	0.6417101736764084	0.018584299777701156	6.007420950865728E-6	7.014761913266905E-5	9.349170419963614E-4
316	9.140092553225344E-5	1.5059612695835293E-5	9.003738711286926E-6	1.0746206426312345E-6	2.8635897002857803E-6	1.0974556687284945E-5	2.0648926028967936E-6	1.1882108620534318E-6	6.096419639555136E-6	0.4561284467650456	0.24507620417509604	9.063482745469482E-6	0.24307632366288384	3.091768005853728E-4	1.4852379384248337E-5	5.208754204438719E-5	5.770239880507688E-4	2.156807315236175E-6	4.934692912451983E-6	0.05461000313686247
317	0.056114019482773204	0.009084174757313851	0.005062904696320609	0.007497241628034256	1.9972949652046878E-4	0.11190610603602633	0.09429142633445883	0.002412109622858902	0.0038870790229537087	0.16040575485371855	0.021800179678299825	0.012758264856577337	0.014628183457451156	0.008686557694390685	0.0016582726313882025	0.0157161665596161	0.09255765261867174	6.04085588571186E-5	0.00126440311406799	0.3800093648997012
318	0.02566073792067579	0.23395294484367157	0.02052262261830688	0.0036823144522648748	2.4098399637250176E-4	0.04101892509465548	0.02736560535462659	0.0020827472930477087	0.015538765569242876	0.07386301191110169	0.007152236620378623	0.32849072063905405	0.024890436889753554	1.454104163347249E-4	0.0016101843734647613	0.019033550799949454	0.11178239797387465	5.4997356176830856E-5	3.259661036742225E-4	0.06258543977337326
319	1.1223020687416915E-4	1.2412301670170122E-6	4.296315409208966E-6	5.741733448814405E-7	7.4026092663729E-7	5.888064263617669E-7	8.685436964509373E-7	8.604998908406727E-7	3.6651508744866223E-7	0.902544098204999	0.0018525641683246542	1.1734677231537951E-6	0.005114607535370468	1.734083643042749E-5	1.6326720108819984E-6	1.744260751120077E-5	8.958170053061333E-4	1.1744193244470113E-7	7.045160024501185E-7	0.08943273499256597
320																				
321	0.0028985433037388188	0.002227295333718421	5.552079791266376E-5	2.005037960149675E-5	8.250918668161283E-5	7.58455634958334E-5	7.289745651521086E-5	1.9926744817739647E-4	4.005738568852163E-5	0.1812218020652534	0.00308513074539454	2.27113636578563E-4	0.0030300401710507525	5.000838837929018E-5	4.054553089244146E-5	3.2339115796606435E-4	0.0022130480343367353	1.7545161629279502E-5	1.263929734957543E-5	0.8041067489556394
322	0.0076788814279090305	0.0010364536363787799	0.014310820735004236	0.22235419428456335	2.6171239028788225E-5	0.004537182512177493	0.63550040626407	0.10099438130700954	2.637138032678951E-4	3.652444680910901E-5	2.6290000168205826E-5	0.006215544442889533	2.1476812733890234E-5	3.820068144517444E-6	2.0712519657319474E-4	0.005237384304877828	0.0012068561113151735	6.997212823402503E-6	2.011497296005283E-5	3.1566122129603126E-4
323	5.264787720676446E-8	2.470935622059857E-6	3.3053496963337782E-9	3.918127623036408E-9	7.74496545724211E-6	3.5458271693235775E-8	1.896055305534659E-8	5.621064974057612E-7	1.1759729725114332E-7	4.2156284917178594E-7	2.9009690142697808E-5	1.0851631779291415E-8	2.242886618557938E-7	0.002517954200992103	2.511890129881932E-8	2.77848455091482E-6	3.608381539136352E-8	0.9973922643466072	4.518216694101677E-5	1.0833098533018558E-6
324	0.9999277938801225	5.838025758377032E-8	7.702549793546834E-8	2.0418924858311228E-7	3.037460212043981E-8	5.2526356994132683E-8	4.889687307154618E-7	2.5686870416910734E-6	2.5659318421474795E-9	3.990477202174389E-8	2.456071259242173E-8	2.5354838594081012E-8	2.2156040055472866E-8	1.1740203000269038E-9	2.4892457148646278E-6	2.3237500254940335E-5	3.302378451398111E-5	9.528406190700078E-11	8.430316468611105E-10	9.85878302681958E-6
325	1.9214730929138185E-5	0.0015320243437888991	3.202595230561812E-4	7.685330691497617E-5	3.316245090470635E-8	0.0014245000767820826	0.007710571024014849	1.414708112535081E-5	7.618945023835366E-6	7.651147972737849E-7	6.239646215840677E-7	0.988840200111097	3.019306012539139E-6	6.598825024076369E-9	1.5804835159388316E-6	1.3445167693551712E-5	3.3855832975617566E-5	5.6737360942851375E-8	8.299650141677706E-8	1.1414925128379156E-6
326	1.1506442257054055E-4	0.5169539787557299	0.0034397011781464996	1.268458211099924E-4	2.3694101063894755E-5	0.01325720171872339	5.243822142497216E-4	2.307056351929346E-4	0.011765550263116535	1.104827296995293E-5	3.0825779914096565E-5	0.45254322340243036	2.4108995274300824E-5	1.3376271894892394E-6	1.0541907473607364E-4	4.8391653826614236E-4	3.026640308531375E-4	1.3158439818588813E-5	3.8626669748315346E-5	8.547058896228905E-6
327	3.6058631299110846E-5	2.4902784385156936E-6	3.7486353592162137E-6	3.517888117822407E-7	5.639149828916865E-7	1.508748376084241E-6	5.830787637220407E-7	4.0904717786198626E-7	1.1797810132186372E-6	0.9354880478666521	0.03795458744716133	1.2445616981986257E-6	0.0033167132086701434	1.1081753663290213E-4	4.90312419271E-6	1.9464876578126876E-5	2.568901642413769E-4	4.716226672575714E-7	1.966587549176012E-6	0.022797999099734623
328	6.769541151171611E-5	3.0419606045992653E-6	2.2844526531860995E-7	6.290788065890452E-8	3.5074884227182334E-8	1.968780891714338E-5	1.8640257266074233E-7	3.715535456196523E-7	4.492408954158816E-6	7.064800519671177E-8	1.4626252687288974E-5	2.8202252577673555E-7	7.195026464681013E-8	7.012858861158592E-8	0.9997335624652136	1.3896202528948024E-4	1.618449717719153E-5	2.7911582294621306E-9	2.8055265316766646E-8	3.3718968847721E-7
329	0.0011673360162881886	2.3421093344887247E-4	1.3926960022440728E-4	2.3641982429138008E-4	4.4650818789468614E-5	9.551976676920604E-6	1.8809714990235027E-4	0.995849471275772	9.10186472779346E-6	4.019394927510455E-6	6.300111220063176E-6	1.6951849178051943E-5	2.410760677132242E-6	1.3267131903039852E-5	1.9009953764740892E-5	0.0019065991533711263	7.845870890528456E-5	1.3027930767188504E-5	4.198236688437639E-6	5.764730847611313E-5
330																				
331																				
332																				
333	4.957343969896266E-10	3.948469503038487E-11	6.713867913004132E-11	6.39791059470485E-12	1.0931000966440211E-8	1.6205703163156703E-11	1.161513514297772E-11	2.6292308045400398E-11	4.484794652848569E-9	4.089874335915714E-8	2.1368127422789227E-6	3.2010073449601578E-12	4.118967181782121E-9	0.9999897040512399	3.988158897032748E-10	8.05173609110028E-8	4.1397570670284936E-10	3.80532664603026E-9	7.988961812874349E-6	2.39391498308193E-8
334																				
335	0.0546164630504194	0.016550481933870317	0.017601716109119918	4.8316057110549173E-4	0.06469788239026464	0.001529963271442057	3.073268349751508E-4	0.0027055708984057435	0.0010564693861586573	0.00355150729455129	0.0012886658246996554	0.003760033256542692	0.0038476726253032878	1.8056535101318113E-4	0.006644749051676709	0.36848544116698173	0.4484386629194241	2.5883121502883285E-5	2.1193748421971948E-4	0.004015847458323261
336	0.0018382033242989523	2.1004374184965154E-4	0.014330369117972438	0.5115453379247688	6.452993572986822E-6	0.003718251049476486	0.4616925047249889	0.002414097688224721	3.405665132269853E-4	3.313007068508794E-5	1.5056892359566997E-5	0.001629212494308285	1.6668782992964587E-5	1.9000817507036302E-6	7.359531770130407E-5	0.001102429361439186	8.618764486137539E-4	9.681278011830417E-7	2.591879141893942E-5	1.4341655254901842E-4
337																				
338	3.273080388377024E-8	3.007621521990337E-8	1.8354721175304845E-9	2.2097736900349525E-10	1.3656022370676304E-9	1.5166695244182852E-7	9.167088694225496E-10	4.780132747618166E-10	3.9950176625573245E-8	6.913755109381409E-6	0.99996766577291	2.8448563633373764E-9	1.3177303994002952E-5	7.2373378243314255E-6	6.335716633481092E-7	1.5132961870464526E-7	2.010888353920222E-8	2.430203351687359E-8	7.948374984993928E-9	3.906483809853434E-6
339	0.02793066059416206	5.123176183480177E-4	0.004186672465057184	1.4962079482794635E-4	1.8474317962066385E-4	5.904881877986061E-4	9.157110337328551E-5	7.836219740064924E-4	3.496588049908902E-4	1.9963218406719217E-4	5.204649846687863E-4	2.3225067983436126E-4	7.911903526794556E-5	6.199636312525054E-5	0.5978178203385625	0.30493760008986703	0.0610295335910259	2.174988359228477E-6	3.115212407437472E-5	3.089008989624499E-4
340																				
341																				
342	0.01015445528601561	0.08179824436252797	0.007019109239802789	7.96162244566789E-4	0.002143575207619129	0.20220821595665894	0.0047170815208958435	8.408315375659016E-4	0.02757501289170673	0.07002223077399716	0.3747411272620572	0.07242465499843896	0.053913226957251696	0.0025867972738191332	0.008090119507273999	0.015165412386773823	0.019593056371799707	2.583387441586323E-4	0.0014293193938499267	0.04452302808322008
343	0.0017749115910602273	8.54579688018454E-5	0.005235630984862536	0.2988558299523147	1.3261545032578584E-6	0.0026169485067040277	0.6883926488369896	0.001330095004237893	1.8285856274839773E-4	6.627254647755688E-6	3.593587386904324E-6	8.539166809478685E-4	3.6731771626338273E-6	3.247582334384619E-7	2.3778914987053564E-5	3.6613767711536556E-4	2.0291976281728964E-4	2.7172118431546726E-7	4.872442555926764E-6	5.817646073900579E-5
344	1.2594554846599005E-7	9.338582053844166E-10	1.7114063596031123E-5	0.9999108494619809	1.0387463726364461E-10	2.5221662796692135E-8	7.127904007975388E-5	4.3989241231842E-7	7.324007725796271E-8	3.7083605737959523E-10	9.937320054634691E-11	7.3879533460610095E-9	5.330772860025434E-10	9.277813819799381E-12	4.677521007226717E-10	5.132362660743369E-8	1.6446443788090664E-8	1.158264640215381E-11	8.84407476810737E-9	6.602912203234452E-9
345	2.5811326942229068E-8	2.373845456815963E-6	3.9571767008225623E-8	2.0082660445129634E-8	5.338858733812247E-11	0.9999836653606156	3.9469456341078625E-6	2.466828536566381E-9	6.818583965000144E-6	1.0352051770644435E-10	5.7203500533476994E-8	2.644923421461688E-6	4.243461942713453E-9	1.8882099236174567E-11	3.5866373075545104E-7	2.2761419083000145E-8	1.6697976925622657E-8	1.6897232251078981E-10	1.5637099025979881E-9	9.297616408563467E-10
346	9.999552090197447E-4	4.809937344570119E-5	6.146661508952468E-4	8.896524335255917E-4	8.762344346960153E-6	4.4600864821698277E-5	3.9593304259736417E-4	2.5100626299865685E-5	2.8062050145578E-5	0.6293768431138951	0.00284370733464955	1.305396848430137E-4	0.25001869866600623	3.924895639690136E-5	1.554073885858035E-5	3.856264855214894E-4	0.05337950463941119	1.0523654067995925E-6	1.6685182709208606E-5	0.060737720737204036
347	0.12608706194150743	0.0013406712692087318	0.005793816202324844	2.3571124481410155E-4	0.0011174281121731158	8.790684445480343E-4	2.1028919388691952E-4	7.276255807875344E-4	8.061078776264942E-4	0.032219461150047035	0.020294734420022085	8.108827885523076E-4	0.007972150111802525	8.742443421895638E-4	0.009086638937275354	0.15193380760096062	0.6129045758453672	1.9671302308302776E-5	1.7235891523638153E-4	0.026513694719361474
348	2.3615413680550884E-8	2.2131015517081503E-8	1.307084989081844E-9	1.5582035660863046E-10	9.747547340065812E-10	1.1262958177575519E-7	6.54847840667029E-10	3.3649018683008297E-10	2.9457527816966146E-8	5.133811878842155E-6	0.9999764387891371	2.0423008411449093E-9	9.835169015680654E-6	4.889623720949387E-6	4.698729119728123E-7	1.1176198893921573E-7	1.4315860361457724E-8	1.7866477036321245E-8	5.473996916208777E-9	2.890010174381349E-6
349	5.915100083677374E-8	3.642697903188873E-8	4.7028406179823395E-9	4.3742656909708183E-10	4.004913850007504E-9	1.3520017177282792E-7	1.4587503866306084E-9	7.751222222365685E-10	5.579997478998681E-8	1.6073743436315928E-4	0.9996284859193072	4.323175909336072E-9	2.1168154451129296E-5	1.7347806083563183E-4	5.757096834531774E-7	2.8522752968785873E-7	9.262539804767517E-8	3.337564277016075E-8	7.147542755533898E-8	1.4769737005371471E-5
350	2.1079506658105448E-4	0.01260302708307572	9.236287806001355E-4	9.317913068387682E-4	3.677574887665976E-7	0.3677026114875178	0.13460814248915093	1.1016137477495233E-4	4.022285602005527E-4	3.339138812631056E-6	1.6864864015757842E-5	0.4821101373887463	1.7879565472886743E-5	9.09763091384086E-8	6.217563177861909E-5	1.2161000502145005E-4	1.6140815011554953E-4	7.027359081501116E-7	1.6428709174657434E-6	1.139476667340909E-5
351	0.011449041593948547	5.417709756752929E-5	0.0023416893493250703	3.567269078404378E-5	5.46526833317768E-4	1.0044078928896204E-5	1.1424440459778736E-5	0.0037100129294942038	1.2910090737157932E-5	9.026315656015977E-6	1.5761036658685206E-5	1.4361001003601714E-5	2.4738567241713136E-6	1.8183041673108613E-5	6.166641236342589E-4	0.9767635021937663	0.0043488183190393	7.195623704102096E-7	8.867354535661528E-6	3.0124090375494172E-5
352	0.7832824738234176	9.97905316256784E-5	4.8550106482329295E-4	6.942897550998109E-5	0.03685719957937636	2.044320529525244E-5	7.33024941220539E-5	0.005930452798247806	1.213153381823115E-5	4.159150418000709E-5	2.360100169212859E-5	1.891089241870775E-5	1.4049930933996886E-5	1.1669925219478125E-5	8.527520093895591E-4	0.15889633475469592	0.012452948621056741	1.7774304942851454E-6	1.4832877380438431E-5	8.408070463025401E-4
